1666535.7340513244
0
1
5
6
13
11
15
17
18
22
19
20
23
16
14
9
4
2
3
8
10
7
36
43
46
59
63
50
57
72
83
82
101
98
106
97
84
74
66
55
37
30
27
25
26
28
24
21
12
29
56
42
35
33
40
34
39
32
48
61
45
44
53
38
41
54
67
94
102
99
92
89
86
78
81
70
52
47
58
64
60
49
73
80
85
88
75
69
68
79
91
51
155
159
168
169
164
160
149
150
144
141
135
132
126
122
125
133
145
153
152
157
151
156
165
170
174
185
198
211
224
236
269
274
268
286
290
324
354
388
364
365
338
344
328
314
302
291
277
275
243
216
189
186
172
187
195
167
142
143
123
112
171
184
206
235
263
301
316
363
387
402
393
349
327
348
353
323
313
267
238
205
202
226
242
250
233
239
214
223
234
215
182
192
181
183
191
194
285
300
284
312
283
266
282
322
347
337
343
321
281
280
254
232
218
213
230
245
258
320
342
386
428
457
485
513
562
595
660
739
740
825
777
839
805
704
751
766
826
730
857
903
933
992
1034
1111
1155
1163
1263
1363
1398
1436
1478
1490
1501
1518
1544
1584
1636
1658
1663
1664
1596
1605
1614
1637
1627
1606
1704
1799
1827
1846
1887
1907
1908
1971
1992
1999
1959
1951
1937
1878
1879
1880
2037
2064
2118
2099
2020
2012
2142
2233
2323
2453
2465
2537
2629
2811
2304
2282
2305
2313
2334
2375
2400
2444
2454
2481
2496
2497
2526
2546
2597
2445
2143
2021
1943
1901
1791
1752
1730
1615
1508
1471
1441
1480
1519
1575
1638
1684
1669
1693
1741
1759
1746
1802
1820
1881
1792
1731
1705
1694
1888
1938
1993
2196
2498
2598
2547
2556
2827
2806
2841
2828
2842
2829
2872
2863
2864
2859
2843
2830
2831
2519
2376
2283
2135
2154
2089
1987
1973
2004
2009
2015
2016
2046
2010
2017
2022
2023
1952
1953
1994
1954
1974
2032
2055
2065
2000
2081
2171
2005
2120
2125
2126
2172
2144
2234
2284
2306
2324
2388
2520
2572
2641
2746
2752
2787
2660
2679
2667
2687
2695
2680
2661
2622
2668
2613
2539
2483
2446
2336
2250
2174
2109
2235
2236
2237
2346
2426
2530
2438
2347
2272
2447
2513
2363
2251
2199
2348
2355
2456
2470
2378
2364
2439
2238
2200
2157
2262
2455
2669
2696
2705
2777
2749
2807
2704
2753
2812
2748
2776
2747
2896
2976
2975
3003
3109
3137
3031
2969
2924
2968
2937
2883
2852
2771
2786
2694
2640
2659
2528
2512
2501
2631
2658
2567
2605
2686
2717
2587
2586
2604
2716
2693
2630
2600
2603
2612
2599
2585
2557
2548
2499
2715
2751
2760
2745
2792
2791
2621
2377
2873
2726
3002
3169
3212
3226
3294
3376
3121
3177
3194
3301
3308
3699
3916
3938
3700
3603
3649
3727
3779
3666
3614
3471
3398
3162
3150
3129
3097
3108
3143
3178
3170
3365
3378
3550
3259
3201
3066
3022
2949
2917
2950
3098
3130
3195
3230
3244
3341
3385
3282
3255
3245
3260
3152
3153
3179
3185
3173
3186
3202
3213
3236
3180
3203
3204
3196
3205
3249
3231
3206
3283
3321
3346
3400
3424
3455
3510
3576
3625
3668
3686
3667
3660
3658
3628
3596
3590
3551
3461
3467
3417
3405
3330
3310
3144
3114
3004
2874
2734
2720
2616
2502
2471
2352
2351
2457
2560
2588
2615
2737
2719
2698
2670
2624
2549
2448
2449
2350
2285
2314
2273
2349
2401
2379
2484
2606
2614
2697
2728
2761
2706
2643
2623
2662
2642
2788
2833
2890
3023
3067
3074
3032
2989
2897
2832
2778
2898
2844
2877
2899
2958
2970
2918
2794
2772
2688
2574
2573
2707
2773
2845
2919
2925
2990
3060
3049
3079
2983
2891
2779
2644
2699
2663
2834
2892
2754
2780
2906
3033
3041
2907
2943
2959
2960
3056
3104
3068
3187
3219
3322
3380
3438
3457
3479
3561
3626
3675
3676
3687
3698
3650
3615
3584
3558
3497
3498
3472
3447
3401
3347
3311
3265
3237
3154
3131
3069
3050
3005
2920
2926
2908
2938
2971
3116
3123
3261
3262
3387
3379
3494
3564
3616
3638
3677
3706
3711
3822
3813
3808
3833
3758
3715
3689
3678
3651
3621
3582
3519
3513
3468
3429
3416
3439
3530
3529
3587
3652
3716
3734
3764
3765
3800
3776
3816
3836
3873
3897
3917
3837
3784
3783
3794
3801
3870
3881
3904
3851
3802
3771
3766
3785
3803
3795
3823
3752
3717
3641
3681
3736
3742
3662
3624
3586
3559
3533
3538
3539
3487
3406
3412
3402
3344
3289
3274
3208
3215
3207
3181
3239
3287
3288
3371
3419
3450
3483
3514
3562
3605
3521
3499
3430
3427
3459
3394
3370
3348
3297
3304
3247
3199
3134
3100
3071
2985
2947
2854
2796
2764
2885
2978
2921
2819
2763
2762
2722
2647
2540
2523
2524
2366
2365
2338
2395
2514
2632
2617
2682
2681
2608
2689
2789
2860
2900
2884
2901
2853
2902
2927
2846
2808
2928
2996
3014
3070
3051
3132
3171
3198
3163
3221
3295
3303
3318
3369
3418
3436
3469
3482
3474
3458
3448
3444
3440
3411
3392
3296
3246
3238
3312
3343
3393
3324
3449
3475
3544
3568
3646
3647
3679
3701
3680
3623
3591
3595
3633
3588
3577
3511
3552
3636
3657
3707
3735
3746
3695
3653
3661
3694
3635
3611
3659
3690
3656
3622
3585
3531
3480
3473
3481
3532
3543
3391
3342
3302
3252
3220
3188
3117
3083
3155
3214
3284
3323
3358
3415
3426
3381
3266
3110
3133
3099
2984
2930
2939
2991
2929
2774
2486
2402
2223
2222
2307
2136
2160
2359
2450
2458
2561
2672
2721
2795
2735
2671
2756
2607
2505
2394
2337
2185
2147
2213
2214
2389
2485
2550
2506
2522
2589
2646
2755
2813
2645
2521
2357
2315
2182
2183
2221
2184
2274
2358
2531
2625
2504
2503
2353
2201
2202
2101
2239
2286
2252
2100
2212
2211
2220
2127
2146
2159
2158
2219
2264
2263
2356
3010
3011
3122
3309
3386
3460
3608
3495
3437
3357
3428
3751
3884
4036
3912
4051
4133
4143
4147
4134
4121
4195
4257
4327
4277
4151
4170
4160
4127
3948
3889
4225
4262
4245
4267
4333
4304
4340
4363
4376
4389
4410
4453
4506
4535
4550
4562
4600
4625
4608
4607
4587
4629
4637
4647
4648
4653
4654
4658
4656
4652
4595
4589
4557
4540
4542
4536
4460
4486
4403
4353
4323
4220
3907
3966
3922
4085
3714
3607
3509
3300
3435
3218
3225
3512
3645
3693
4077
4217
4293
3504
3329
2527
2538
2482
2387
2345
2197
2119
2088
2074
2054
2014
1960
1929
1920
1811
1839
1909
1847
1793
1939
1944
1961
2045
2611
2073
2044
2031
2028
2030
2003
2013
1972
2261
2725
2916
3345
1491
1399
1237
1257
1234
1164
1135
1146
1134
1121
1097
1088
1096
1190
1087
1095
1139
1133
1050
1027
988
891
852
778
954
961
919
955
962
1147
1327
1350
1319
1290
1272
1220
1216
1198
1226
1236
1233
1265
1264
1302
1318
1364
1374
1189
1156
1120
1080
1021
993
947
946
910
904
806
752
674
605
615
596
646
527
472
458
432
444
463
481
487
558
614
563
496
486
447
423
480
440
479
495
411
431
392
374
352
335
341
385
334
311
265
262
253
257
249
252
241
261
279
307
260
256
297
296
306
319
373
394
439
443
470
543
570
593
612
625
633
659
645
632
684
673
702
716
728
683
727
715
775
796
764
795
701
609
592
700
823
850
774
822
821
837
746
591
624
524
523
522
467
468
502
533
569
583
604
644
658
631
657
656
682
736
737
713
697
698
699
714
836
849
868
848
901
900
915
936
952
973
1018
1019
1064
1017
1016
987
1015
972
986
1014
1078
1108
1158
1144
1086
1131
1107
1130
1143
1142
1106
1085
1105
1161
1179
1157
1168
1225
1254
1247
1214
1235
1269
1253
1252
1268
1262
1280
1286
1310
1340
1339
1309
1299
1279
1261
1205
1187
1178
1230
1311
1316
1300
1341
1381
1373
1359
1324
1281
1287
1282
1283
1255
1248
1240
1231
1312
1270
1040
1026
1013
1004
985
945
929
944
908
865
781
769
756
755
678
688
689
757
758
732
733
723
711
690
669
642
629
655
692
691
724
734
743
744
745
770
783
782
794
802
818
867
856
833
801
793
759
846
866
888
883
895
917
930
899
898
832
817
845
731
677
654
582
512
548
505
554
622
668
722
831
925
951
942
966
984
1077
1154
1025
1012
971
983
950
924
816
720
667
687
628
652
710
653
581
577
588
589
721
855
792
907
906
914
1076
1104
1177
1224
1260
1314
1338
1349
1358
1348
1337
1333
1323
1336
1343
1357
1362
1361
1347
1356
1367
1369
1387
1386
1397
1416
1415
1426
1433
1432
1423
1404
1385
1366
1377
1342
1308
1278
1259
1239
1213
1175
1153
1137
1102
1063
1039
1011
949
923
897
874
754
576
547
519
580
532
465
461
466
641
943
1031
1032
998
600
590
555
520
501
541
623
568
670
679
693
694
671
672
680
695
643
630
608
601
602
603
549
542
560
506
484
521
578
584
561
726
712
725
696
681
735
762
784
773
763
785
835
834
820
819
803
772
761
760
771
847
875
931
1159
1058
1094
1145
1180
1196
1181
1188
1206
1241
1256
1317
1334
1382
1249
1182
1119
1042
974
916
838
851
748
747
738
611
610
508
507
525
462
450
438
430
422
401
381
360
382
383
395
436
526
556
613
685
717
750
804
869
889
932
890
824
786
718
594
634
749
626
902
1041
909
884
1005
585
477
469
1301
1406
1464
1681
1683
1674
1626
1526
1454
1470
1420
1390
1372
1389
1405
1380
1379
1371
1370
1388
1378
1419
1295
1296
1315
1267
1129
1103
1176
1274
1294
1322
1346
1335
1307
1332
1355
1306
1368
1410
1440
1444
1460
1445
1483
1482
1495
1488
1506
1516
1525
1542
1551
1583
1582
1611
1624
1589
1649
1668
1648
1689
1710
1717
1742
1709
1688
1657
1635
1610
1623
1581
1556
1530
1513
1514
1522
1523
1535
1515
1564
1631
1500
1504
1459
1486
1563
1679
1798
1773
1824
1857
1856
1883
1897
1896
1934
1941
1905
1855
1978
2001
1933
1904
1916
1903
1873
1842
1814
1786
1763
1722
1698
1662
1697
1703
1702
1721
1716
1726
1750
1696
1734
1687
1672
1641
1580
1621
1644
1661
1630
1655
1629
1609
1640
1654
1667
1540
1468
1458
1427
1394
1435
1428
1417
1418
1409
1395
1384
1321
1266
1222
1277
1329
1305
1285
1221
1173
1151
1117
1101
1074
1047
1048
1037
969
957
995
938
922
887
880
860
861
873
742
651
586
539
530
498
499
491
510
492
474
493
475
456
504
476
448
434
429
425
400
449
464
427
410
407
379
372
356
362
346
315
295
310
272
273
248
221
204
188
176
180
163
158
179
173
148
121
115
120
129
134
140
139
166
147
175
197
200
220
217
237
271
264
259
289
278
276
303
299
318
304
351
371
399
406
405
345
359
370
390
397
433
454
489
538
574
598
650
663
706
676
675
662
627
565
516
497
453
404
378
389
377
368
369
376
398
421
442
482
515
661
780
844
853
892
812
789
779
767
705
649
811
872
788
648
573
564
514
509
473
488
551
536
535
647
550
559
617
616
719
741
787
841
870
827
967
976
968
989
964
948
977
877
878
842
807
798
799
808
828
858
871
843
809
911
937
1008
1036
1028
1082
1114
1191
1207
1186
1250
1276
1291
1148
1123
1170
1044
999
1045
1068
1071
1090
1112
1113
1052
1051
1067
1122
1098
1089
1081
1059
1035
1007
963
956
994
920
876
1303
1393
1421
1422
1562
1499
1493
1467
1208
1199
1165
1200
1201
1202
1149
1171
1166
1140
1124
1116
1150
1167
1203
1217
1172
1209
1243
1192
1204
1210
1211
1244
1258
1298
1304
1313
1353
1408
1126
1125
1053
1046
1022
1069
886
829
664
638
552
544
528
490
503
455
537
597
566
768
859
905
926
921
912
879
885
1002
1029
1084
1073
1091
1072
1115
1083
1001
1000
978
934
810
637
451
452
441
437
445
424
330
331
332
326
309
305
545
618
606
607
619
707
814
893
800
913
965
1009
1054
1127
996
1023
1010
1075
1038
990
939
927
979
980
970
1060
1118
1136
1141
1174
1218
1238
1251
1292
1330
1360
1365
1413
1443
1476
1701
1715
1720
1725
1733
1749
1762
1785
2094
2281
2258
2259
2249
2180
2153
2098
2059
2080
2071
2060
2053
2027
1977
1957
1800
1594
1541
1622
1396
1345
1293
1331
1354
1273
1212
1223
1194
1152
1070
1030
991
997
941
981
1055
1061
958
940
1003
882
863
864
790
666
599
579
546
531
553
494
460
483
518
511
517
500
540
587
621
686
830
854
896
862
815
639
575
567
708
753
935
881
620
665
813
1100
1099
1854
1831
1813
1805
1795
1772
1770
2011
2040
2068
2039
2036
2018
1968
1948
1956
2058
2079
2097
2134
2194
2231
2218
2257
2271
2857
2851
2850
2871
2856
2849
2862
2840
2495
2555
2610
2657
2858
2804
2810
2805
2724
2595
2525
2374
2322
2260
2210
2232
2181
2086
2007
1923
1816
1787
1754
1735
1780
1781
1673
1650
1642
1595
1604
1625
1569
1570
1536
1517
1484
1450
1446
1414
1246
1229
1195
1092
1062
1024
1056
1057
1093
982
928
894
791
709
640
1228
1487
1524
1612
1801
1806
1807
1817
1869
1858
1859
1870
1860
1861
1871
1874
1862
1843
1917
1990
1979
1935
1936
1924
1925
1918
1875
1836
1832
1884
1863
1844
1864
1808
1809
1796
1788
1755
1736
1692
1613
1885
1942
1926
1898
1969
2041
2062
2061
2072
2105
2141
2106
2069
1997
2008
1980
1958
1991
1906
1699
2312
1815
1494
1453
1431
1227
1245
1193
1128
435
417
380
229
208
2293
2256
2193
2292
2803
2818
2802
2817
2882
2957
3030
3065
3082
3217
3242
3272
3293
3271
3270
3281
3286
3317
3340
3254
3229
3193
3176
3151
3141
3142
3120
3081
3055
3009
3040
2964
2881
2826
2801
2733
2678
2566
2494
2443
2422
2423
2393
2392
2413
2179
2132
2170
2133
2093
2085
2092
2091
2117
2152
2230
2217
2035
2034
2052
2116
2090
2084
2078
2115
2209
2151
2178
2270
2291
2327
2303
2290
2326
2386
2436
2492
2517
2463
2410
2333
2289
2372
2343
2462
2478
2516
2543
2565
2535
2477
2391
2385
2302
2269
2229
2208
2177
2169
2131
2096
2049
1975
1964
1995
2050
2051
2082
2124
1976
1989
2026
2070
2083
2104
2344
2321
2420
2411
2419
2479
2421
2441
2511
2593
2536
2570
2544
2493
2468
2412
2373
2480
2677
2685
2628
2594
2638
2584
2469
2442
2839
2889
2963
2988
3048
3090
3107
3149
3161
3191
3235
3258
3280
3315
3337
3338
3328
3339
3351
3316
3264
3377
3443
3508
3528
3541
3549
3574
3575
3593
3594
3606
3602
3632
3640
3688
3704
3721
3770
3778
3812
3828
3835
3832
3787
3592
3503
3518
3039
2809
2718
2637
2656
2676
2703
2775
1677
1576
1560
1534
1539
1529
1538
1549
1619
1603
1586
1533
1555
1602
1618
1498
1475
1472
1492
1456
1451
1452
1430
1466
1449
1403
1391
1376
1392
1407
1434
1439
1577
1567
1573
1561
1574
1550
1578
1608
1587
1579
1568
1588
1620
1653
1660
1671
1686
1708
1724
1769
1771
1779
1784
1804
1830
1853
1868
1894
1913
1966
1914
1922
1895
1915
1967
1996
1947
1891
1678
1666
1965
1503
1512
1502
1532
1566
1601
1607
1600
1617
1593
1559
1548
1558
1572
1592
1634
1652
1659
1675
1685
1695
1706
1714
1728
1713
1700
1723
1760
1682
1656
1651
1643
1646
1639
1616
1599
1585
1571
1553
1547
1521
1510
1509
1496
1528
1537
1546
1552
1598
1591
1633
1645
1632
1597
1590
1557
1520
1545
1485
1473
1469
1462
1437
1424
1411
1402
1297
1320
1328
1275
1284
1351
1375
1400
1425
1412
1442
1447
1463
1505
1511
1481
1474
1465
1479
1455
1448
1438
1401
1352
1383
1497
1554
1628
1647
1665
1680
1707
1729
1748
1753
1768
1778
1823
1841
1851
1835
1840
1889
1912
1940
1911
1932
1921
1893
1882
1946
1955
1834
1822
1797
1767
1747
1718
1732
1719
1761
1676
1670
1794
1812
1890
1852
3895
3926
3927
3911
3888
3875
3915
3869
4008
4101
4098
4119
4038
4021
4188
4207
4186
4241
4281
4354
4381
4393
4415
4421
4476
4405
4391
4392
4409
4458
4489
4502
4553
4573
4570
4605
4603
4621
4617
4616
4610
4554
4368
4156
4153
3692
3396
3763
3413
2915
2639
2545
2464
2596
2620
1981
1743
1744
1764
1782
1837
1838
1845
1865
1833
1892
1899
1949
1983
1998
1886
1919
1970
1927
1877
1876
1819
1810
1818
1783
1738
1737
1745
1765
1756
1982
1751
1776
1950
1984
1928
1872
1825
1777
1789
1790
1774
1775
1766
1739
1757
1758
1740
1727
1712
1826
1900
1986
2029
2043
2063
2087
2107
2019
1985
2002
2042
1711
1691
1565
1507
1477
1461
1457
1429
1489
1527
1531
1326
1325
1288
1344
1162
1160
1043
1033
1138
1020
1132
1110
1109
1065
1079
1049
1006
953
918
959
765
797
703
776
636
729
557
529
571
635
471
478
446
418
391
384
408
333
298
308
336
222
212
210
201
412
419
413
426
414
415
403
396
416
420
361
317
292
339
355
366
357
358
375
367
350
340
325
288
255
240
231
219
244
225
196
178
161
130
107
103
100
109
111
117
116
119
136
138
146
154
127
113
110
108
105
95
87
76
71
90
77
65
93
104
118
124
128
137
114
131
162
203
228
247
209
199
190
287
329
294
293
270
246
227
193
177
207
251
409
459
534
572
1185
1184
1232
1169
1215
1197
1242
1271
1289
1066
960
840
975
1183
1219
2076
2195
2571
2518
2424
3243
1543
1690
31
62
96
2500
2865
2905
2793
2727
2529
2558
2437
2425
2335
2198
2108
2145
2156
2173
2155
3454
3947
4136
3896
4173
4282
4371
4373
4432
4530
4590
4627
4639
4651
4655
4659
4633
4622
4619
4611
4546
4539
4496
4450
4456
4457
4459
4465
4505
4518
4509
4492
4497
4493
4482
4498
4517
4514
4521
4528
4477
4420
4414
4411
4395
4374
4352
4344
4343
4349
4332
4335
4325
4315
4319
4338
4296
4280
4272
4256
4252
4278
4298
4320
4326
4336
4247
4265
4255
4286
4295
4303
4309
4316
4318
4355
4347
4348
4324
4311
4308
4330
4313
4299
4302
4301
4307
4329
4310
4314
4334
4317
4321
4312
4328
4337
4331
4341
4297
4289
4306
4251
4248
4258
4260
4284
4269
4254
4275
4270
4261
4264
4271
4246
4238
4229
4218
4204
4199
4208
4219
4223
4230
4239
3866
3848
3786
3745
3731
3720
3708
3719
3665
3619
3571
3506
3470
3390
3364
3354
3350
3335
3279
3192
3167
3128
3018
3012
2894
2783
2784
2766
2785
2823
2912
2824
2741
2653
2461
2354
2266
2215
2226
2189
2130
2277
2267
2287
2254
2247
2255
2278
2300
2309
2299
2216
2167
2166
2123
2165
2164
2150
2113
2190
2279
2325
2318
2329
2330
2331
2341
2383
2370
2362
2371
2399
2418
2435
2490
2582
2626
2655
2602
2569
2711
2732
2769
2742
2743
2759
2799
2800
2861
2887
2870
2838
2736
2723
2744
2770
2825
2888
2936
2914
2876
2954
2955
3020
2904
2880
2946
2974
2995
3054
3126
3112
3000
2982
3001
3038
2987
2962
2923
2895
2714
2619
2713
2627
2636
2675
2476
2409
2342
2301
2228
2207
2192
2077
2038
2114
2268
2288
2319
2320
2440
2475
2533
2534
2491
2583
2592
2712
2768
2408
2332
2311
2310
2280
2248
2168
2206
2191
2227
2140
2095
2075
2057
2056
2025
2006
1988
1945
1902
1931
1930
1962
2024
2048
2066
2047
1848
1849
1850
1866
1867
1821
1803
1828
1829
2033
2067
1910
1963
2384
2434
2510
2542
2581
2702
2654
2767
2869
2913
2945
2994
3029
3047
3096
3087
3064
3088
3326
3336
3384
3422
3478
3453
3433
3537
3572
3620
3709
3756
3798
3810
3842
3880
3914
3935
3987
3986
4052
3992
3924
3903
3942
3951
3925
3961
3936
3962
3976
3931
3977
3952
3988
4031
3993
4020
3994
3963
3943
3953
3970
3910
3921
3954
3945
4083
4093
4113
4148
4166
4172
4179
4193
4200
4212
4214
4215
4231
4201
4194
4185
4178
4162
4149
4129
4116
4106
4076
3955
3946
4084
4155
4216
4209
4240
4235
4177
4174
4171
4117
4065
4060
4041
4007
3980
4030
4016
4045
3944
3981
3964
3982
3965
3923
3883
3863
3811
3792
3774
3762
3775
3773
3671
3637
3527
3490
3820
3726
3748
3601
3493
3489
3410
3327
3314
3241
3148
3113
2981
2967
2961
2966
3089
3008
3013
2956
3021
3059
3367
3540
3548
3556
3567
3547
3555
3573
3434
3356
3486
3466
3423
3375
3477
3507
3517
3536
3526
3644
3613
3725
3732
3728
4000
3999
3950
3937
3920
3902
3409
3355
3234
3168
3140
3095
3019
3073
3037
3053
3063
3147
3299
3383
2911
2652
2580
2452
2390
2317
2328
2246
2225
2122
2417
2474
2579
2666
2635
2765
2822
2848
2886
2935
2965
2999
3028
3062
3093
3094
3078
3017
3007
3046
3080
3119
3135
3216
3136
3103
3027
2953
2922
2820
2650
2651
2591
2460
2382
2381
2297
2298
2316
2163
2149
2176
2245
2407
2578
2710
2782
2798
2868
2910
2952
3016
2998
3045
3175
3224
3298
3313
3278
3233
3184
3158
3211
3263
3285
3277
3223
3190
3166
3165
3189
3157
3200
3292
3325
3374
3397
3389
3363
3320
3276
3222
3210
3159
3160
3156
3111
3146
3125
3036
2980
2934
2879
2836
2731
2563
2601
2649
2709
2816
2903
2941
2986
3086
3139
3209
3240
3257
3307
3353
3395
3408
3399
3373
3306
3183
3172
3232
3291
3331
3362
3404
3445
3484
3515
3534
3570
3599
3655
3682
3627
3598
3589
3566
3501
3488
3464
3403
3333
3305
3268
3227
3164
3105
3025
3044
2972
2979
3058
3124
3174
3228
3248
3269
3290
3334
3361
3382
3407
3432
3451
3452
3502
3523
3520
3654
3639
3630
3617
3691
3663
3753
3796
3860
3901
3928
3932
4009
4043
4039
4028
4024
4050
4046
4025
4005
4019
4044
4034
4018
3983
4004
4010
3974
3996
4056
4074
4103
4120
4109
4102
4073
4057
4079
4105
4130
4114
4094
4095
4080
4091
4107
4063
4059
4054
4033
4002
4049
4032
4078
4087
4086
4075
4099
4070
4066
4072
4029
3972
3967
4001
3957
4017
3971
4022
4071
4003
3984
4035
4047
4135
4198
4236
4197
4205
4191
4190
4283
4288
4285
4294
4345
4346
4279
4263
4249
4244
4206
4175
4167
4168
4145
4150
4125
4096
4139
4137
4132
4128
4144
4152
4157
4165
4158
4146
4142
4159
4163
4141
4123
4124
4108
4089
4090
4062
4040
4026
3978
3989
4027
4042
4023
3990
3973
3995
3956
3958
3929
3898
3865
3834
3826
3814
3891
3905
3918
4011
4012
3959
3899
3908
3892
3893
3861
3852
3839
3818
3797
3759
3712
3718
3749
3767
3804
3827
3885
3968
4013
4058
4100
4122
4140
4189
4213
4196
4187
4210
4180
4161
4274
4203
4183
4169
4138
4115
4097
4068
4048
4014
3941
3969
3985
4015
3997
3913
3930
3934
3960
3998
4006
3874
3868
3867
3841
3858
3840
3887
3886
3846
3845
3805
3772
3777
3791
3754
3738
3702
3664
3631
3583
3535
3578
3553
3516
3485
3446
3421
3524
3579
3618
3643
3670
3703
3744
3760
3872
3877
3894
3900
3909
3940
3979
3919
3857
3853
3648
3600
3560
3500
3476
3525
3554
3545
3546
3563
3580
3581
3723
3729
3755
3750
3724
3730
3739
3697
3809
3819
3806
3761
3685
3683
3684
3856
3847
3855
3854
3815
3862
3879
3878
3768
4064
4221
4227
4226
4222
4228
4232
4237
4234
4184
4342
4350
4359
4361
4366
4370
4372
4351
4385
4404
4419
4413
4400
4399
4397
4396
4398
4287
4211
3769
3737
3790
3876
3949
3838
3789
3722
3696
3743
3782
3817
3859
3844
3871
3807
3612
3522
3492
3463
3505
3565
3629
3642
3569
3441
3431
3420
3366
3359
3275
3253
3182
3251
3256
3267
3372
3360
3388
3442
3319
3349
3145
3076
2997
2973
3034
3092
3035
2878
2790
2740
2739
2847
2933
2855
2835
2815
2648
2633
2750
2730
2700
2692
2691
2729
2814
2940
3057
3101
3118
3127
3102
3075
3072
3085
3052
3043
2634
2618
2684
2609
2590
2429
2367
2430
2396
2368
2541
2562
2575
2701
2294
2186
2102
2414
2404
2403
2243
2361
2137
2253
2380
2339
2175
2242
2428
2472
2515
2553
2552
2690
2797
2931
2932
2992
3042
3084
3138
2866
2758
2738
2708
2673
2909
2944
2875
3006
2241
2240
2224
2203
2265
2551
2568
2683
2664
2161
2360
2427
2757
2977
3024
3091
3425
3462
3496
3542
3610
3634
3669
3705
3740
3757
3780
3747
3673
3609
3604
3597
3672
3850
3799
3781
3741
3710
3674
3733
3829
3821
3830
3831
3825
3975
3933
3843
3864
4061
4067
4055
4081
3890
4358
4360
4375
4378
4401
4408
4443
4439
4437
4433
4427
4425
4377
4369
4268
4192
4233
4259
4339
4202
4182
4243
3991
3939
3557
3414
3368
3273
3197
3115
3250
3332
3352
3456
3491
2559
4276
4362
4365
4387
4429
4507
4390
4555
4544
4541
4548
4551
4558
4601
4602
4620
4630
4634
4646
4649
4657
4650
4644
4643
4636
4612
4598
4597
4594
4596
4560
4503
4470
4434
4430
4438
4422
4451
4461
4466
4423
4426
4412
4407
4402
4417
4463
4436
4416
4394
4386
4384
4382
4388
4364
4357
4300
4291
4290
4253
4322
4367
4379
4356
4273
4250
4292
4305
4176
4092
4118
4131
4126
4110
4164
4104
4053
4037
4069
4082
4088
4111
4112
4154
4181
4224
4242
4266
3906
3882
3713
3824
2554
2416
2139
2112
2188
2205
2129
2111
2821
2893
2837
2674
2577
2488
2489
2509
2398
2276
2275
2162
2204
2148
2296
2433
2487
2576
2665
2781
2867
2942
2948
2951
2993
3077
3106
2532
2508
2397
2369
2308
2415
2406
2467
2564
2432
2507
2473
2466
2459
2431
2405
2451
2340
2187
2110
2244
2295
2121
2128
2103
2138
3015
3026
3465
3061
4588
4592
4531
4513
4532
4479
4452
4444
4440
4441
4446
4428
4418
4424
4406
4435
4442
4431
4447
4449
4454
4464
4469
4462
4471
4472
4481
4478
4475
4480
4483
4484
4485
4499
4494
4500
4511
4522
4526
4534
4537
4543
4552
4547
4564
4572
4575
4568
4576
4563
4559
4561
4556
4565
4582
4584
4585
4586
4580
4574
4549
4523
4504
4491
4487
4495
4474
4473
4467
4455
4490
4508
4488
4519
4524
4529
4520
4510
4515
4533
4566
4569
4567
4578
4577
4579
4571
4606
4614
4624
4628
4631
4623
4615
4635
4638
4641
4642
4604
4468
4448
4445
4501
4512
4516
4538
4545
4527
4581
4591
4593
4599
4618
4613
4640
4632
4383
4380
4660
4626
4609
4583
4525
4645
4661
4662
3849
3788
3793
